71
109.NOR_1990     0.0000000 0.0033891 0.0000010 0.0327126 0.0033884 0.0137642 0.0033884 0.0102696 0.0068101 0.0137576 0.1970950 0.1323615 0.4017759 0.0068101 0.3831747 0.0102721 0.0033884 0.5563522 0.3557290 0.0102721 0.6650748 0.4296876 0.0102721 0.0034177 0.0068716 0.3650133 0.3969849 0.0033876 0.0033876 0.0068131 0.2239326 0.3649702 0.4724718 0.3860864 0.3709114 0.4894640 0.4323748 0.3861943 0.2093939 0.0137702 0.3719559 0.0068085 0.4175678 0.3871416 0.3719559 0.3795683 0.1273863 0.5440394 0.4175678 0.0068085 0.0033876 0.3634822 0.0033876 0.4297657 0.2999538 0.0068131 0.5256493 0.0033876 0.0033884 0.0068416 0.1330183 0.0034033 0.1317770 0.0102652 0.0212675 0.0068131 0.0487225 0.0033884 0.0068131 0.0103631 0.0322491 
120.RUS_1860     0.0033891 0.0000000 0.0033891 0.0365518 0.0068131 0.0172977 0.0068131 0.0137669 0.0102696 0.0172894 0.2028193 0.1374186 0.3940535 0.0102696 0.3756514 0.0137702 0.0068131 0.5660783 0.3484425 0.0137702 0.6761127 0.4380151 0.0137702 0.0068730 0.0103631 0.3726610 0.4049965 0.0068115 0.0068115 0.0102741 0.2300136 0.3576497 0.4640364 0.3785155 0.3634822 0.4984320 0.4243382 0.3786215 0.2152750 0.0173053 0.3645208 0.0102672 0.4096929 0.3795658 0.3645208 0.3720625 0.1323922 0.5536206 0.4096929 0.0102672 0.0068115 0.3561210 0.0068115 0.4217634 0.3069322 0.0102741 0.5350230 0.0068115 0.0068131 0.0103185 0.1280555 0.0068429 0.1368140 0.0137609 0.0249491 0.0102741 0.0527661 0.0068131 0.0102741 0.0138923 0.0360292 
27.ESP_1975      0.0000010 0.0033891 0.0000000 0.0327126 0.0033884 0.0137642 0.0033884 0.0102696 0.0068101 0.0137576 0.1970950 0.1323615 0.4017759 0.0068101 0.3831747 0.0102721 0.0033884 0.5563522 0.3557290 0.0102721 0.6650748 0.4296876 0.0102721 0.0034177 0.0068716 0.3650133 0.3969849 0.0033876 0.0033876 0.0068131 0.2239326 0.3649702 0.4724718 0.3860864 0.3709114 0.4894640 0.4323748 0.3861943 0.2093939 0.0137702 0.3719559 0.0068085 0.4175678 0.3871416 0.3719559 0.3795683 0.1273863 0.5440394 0.4175678 0.0068085 0.0033876 0.3634822 0.0033876 0.4297657 0.2999538 0.0068131 0.5256493 0.0033876 0.0033884 0.0068416 0.1330183 0.0034033 0.1317770 0.0102652 0.0212675 0.0068131 0.0487225 0.0033884 0.0068131 0.0103631 0.0322491 
30.ESP_1983b     0.0327126 0.0365518 0.0327126 0.0000000 0.0365442 0.0482830 0.0365442 0.0443276 0.0404062 0.0482574 0.2596974 0.1861318 0.4925613 0.0404062 0.4714840 0.0443388 0.0365442 0.6662034 0.4408743 0.0443388 0.7887969 0.5238201 0.0443388 0.0368867 0.0407979 0.4513169 0.4874401 0.0365350 0.0365350 0.0404248 0.2910591 0.4507663 0.5718828 0.4749309 0.4579213 0.5908975 0.5269584 0.4750655 0.2740256 0.0483054 0.4590094 0.0403960 0.5102874 0.4760194 0.4590094 0.4675402 0.1804763 0.6522463 0.5102874 0.0403960 0.0365350 0.4496051 0.0365350 0.5239879 0.3781777 0.0404248 0.6315877 0.0365350 0.0365442 0.0325474 0.1870406 0.0287766 0.1853263 0.0443071 0.0575199 0.0404248 0.0700022 0.0365442 0.0404248 0.0447595 0.0697860 
34.ESP_1985c_S36 0.0033884 0.0068131 0.0033884 0.0365442 0.0000000 0.0172943 0.0068117 0.0137642 0.0102676 0.0172860 0.2027709 0.1273863 0.4096874 0.0102676 0.3908788 0.0137675 0.0068117 0.5659162 0.3631837 0.0068131 0.6543632 0.4215587 0.0137675 0.0068716 0.0103611 0.3725631 0.4048883 0.0068101 0.0068101 0.0102721 0.2179657 0.3724637 0.4811272 0.3938390 0.3785155 0.4807265 0.4406133 0.3939492 0.2036209 0.0173019 0.3795658 0.0102652 0.4256394 0.3948992 0.3795658 0.3872523 0.1323615 0.5534631 0.4256394 0.0102652 0.0068101 0.3710152 0.0068101 0.4379694 0.3068535 0.0102721 0.5348721 0.0068101 0.0068117 0.0103165 0.1380660 0.0068416 0.1268218 0.0137582 0.0249440 0.0102721 0.0527548 0.0068117 0.0102721 0.0138895 0.0360218 
64.GBR_1933b_S36 0.0137642 0.0172977 0.0137642 0.0482830 0.0172943 0.0000000 0.0172943 0.0244627 0.0208556 0.0280888 0.2201219 0.1527586 0.4017759 0.0208556 0.4144570 0.0244686 0.0172943 0.5191480 0.3859784 0.0102721 0.7091493 0.4296876 0.0244686 0.0174482 0.0210472 0.3650133 0.3969849 0.0172901 0.0172901 0.0068131 0.2483762 0.3953940 0.5076414 0.3860864 0.3709114 0.5253513 0.4323748 0.3861943 0.2330462 0.0137702 0.4028407 0.0208506 0.4175678 0.4186347 0.4028407 0.3795683 0.1475821 0.5440394 0.4175678 0.0208506 0.0172901 0.3940535 0.0172901 0.4297657 0.3279403 0.0068131 0.5256493 0.0172901 0.0172943 0.0209567 0.1535053 0.0173732 0.1520951 0.0244518 0.0362052 0.0208648 0.0330106 0.0172943 0.0208648 0.0103631 0.0475737 
76.LTU_2009_S19  0.0033884 0.0068131 0.0033884 0.0365442 0.0068117 0.0172943 0.0000000 0.0137642 0.0102676 0.0172860 0.2027709 0.1373867 0.4096874 0.0102676 0.3908788 0.0137675 0.0068117 0.5659162 0.3631837 0.0137675 0.6759080 0.4378968 0.0137675 0.0068716 0.0103611 0.3725631 0.4048883 0.0068101 0.0068101 0.0102721 0.2299573 0.3724637 0.4811272 0.3938390 0.3785155 0.4982938 0.4406133 0.3939492 0.2152231 0.0173019 0.3795658 0.0102652 0.4256394 0.3948992 0.3795658 0.3872523 0.1323615 0.5534631 0.4256394 0.0102652 0.0068101 0.3710152 0.0068101 0.4379694 0.3068535 0.0102721 0.5348721 0.0068101 0.0068117 0.0103165 0.1380660 0.0068416 0.1367823 0.0137582 0.0249440 0.0102721 0.0527548 0.0068117 0.0102721 0.0138895 0.0360218 
86.NOR_1911_S7   0.0102696 0.0137669 0.0102696 0.0443276 0.0137642 0.0244627 0.0137642 0.0000000 0.0172901 0.0172860 0.2142802 0.1175897 0.3939433 0.0172901 0.3605199 0.0068131 0.0137642 0.5468948 0.3483449 0.0208648 0.6543632 0.4378920 0.0068131 0.0138862 0.0174482 0.3878774 0.4209202 0.0137609 0.0137609 0.0172977 0.2179657 0.3575503 0.4639054 0.3784097 0.3633805 0.4807265 0.4242190 0.3785155 0.2036209 0.0102741 0.3644189 0.0172860 0.4095783 0.3794597 0.3644189 0.3719585 0.1127626 0.5347186 0.4095783 0.0172860 0.0137609 0.3560213 0.0137609 0.4216452 0.3068535 0.0172977 0.5165259 0.0137609 0.0137642 0.0173732 0.1483063 0.0138264 0.1469381 0.0208506 0.0324119 0.0033891 0.0609440 0.0137642 0.0033891 0.0210515 0.0436829 
HB0814           0.0068101 0.0102696 0.0068101 0.0404062 0.0102676 0.0208556 0.0102676 0.0172901 0.0000000 0.0208456 0.2084444 0.1424232 0.4175625 0.0000010 0.3985493 0.0172943 0.0033876 0.5754209 0.3706067 0.0172943 0.6866539 0.4460625 0.0172943 0.0103586 0.0138834 0.3800797 0.4127519 0.0102652 0.0033860 0.0137642 0.2359749 0.3799266 0.4897344 0.4015568 0.3860864 0.5070732 0.4488097 0.4016692 0.2210482 0.0208648 0.3871416 0.0068072 0.4336729 0.4026212 0.3871416 0.3949016 0.1373492 0.5628282 0.4336729 0.0068072 0.0102652 0.3785155 0.0033860 0.4461322 0.2998771 0.0137642 0.5440394 0.0102652 0.0102676 0.0138236 0.1431247 0.0103140 0.1417992 0.0033860 0.0286521 0.0137642 0.0568148 0.0102676 0.0137642 0.0174482 0.0398236 
HB0828           0.0137576 0.0172894 0.0137576 0.0482574 0.0172860 0.0280888 0.0172860 0.0172860 0.0208456 0.0000000 0.1969940 0.1127110 0.4015568 0.0208456 0.3678010 0.0244567 0.0172860 0.5372389 0.3555366 0.0244567 0.6646730 0.4132874 0.0244567 0.0174398 0.0210370 0.3499450 0.3811988 0.0172818 0.0172818 0.0208548 0.2119528 0.3647739 0.4551784 0.3858766 0.3707103 0.4891903 0.4321369 0.3859845 0.1978087 0.0281013 0.3717543 0.0208406 0.4173394 0.3869314 0.3717543 0.3793624 0.1079351 0.5437289 0.4173394 0.0208406 0.0172818 0.3632854 0.0172818 0.4295297 0.2862004 0.0208548 0.5253513 0.0172818 0.0172860 0.0209465 0.1430855 0.0173648 0.1218603 0.0244400 0.0286450 0.0208548 0.0650703 0.0172860 0.0208548 0.0246764 0.0398137 
HB0863           0.1970950 0.2028193 0.1970950 0.2596974 0.2027709 0.2201219 0.2027709 0.2142802 0.2084444 0.1969940 0.0000000 0.2716430 0.3272046 0.2084444 0.3289803 0.2143389 0.2027709 0.2666414 0.3037080 0.2143389 0.9403184 0.3133787 0.2143389 0.2049095 0.2106983 0.4971788 0.5353830 0.2027153 0.2027153 0.2085514 0.3929308 0.2728898 0.2206690 0.3133053 0.2998468 0.1634622 0.3299065 0.3315794 0.3728012 0.2202351 0.2781474 0.2083873 0.3133053 0.3047497 0.2781474 0.3255307 0.2651913 0.1970856 0.3133053 0.2083873 0.2027153 0.3107791 0.2027153 0.3278382 0.3327076 0.2085514 0.1857273 0.2027153 0.2027709 0.2098362 0.1652980 0.2040655 0.1976374 0.2141702 0.1841140 0.2085514 0.2879972 0.2027709 0.2085514 0.2165948 0.1563428 
mDC3000          0.1323615 0.1374186 0.1323615 0.1861318 0.1273863 0.1527586 0.1373867 0.1175897 0.1424232 0.1127110 0.2716430 0.0000000 0.4281518 0.1424232 0.3778698 0.1274211 0.1373867 0.5559262 0.3806321 0.1374186 0.7260799 0.4294752 0.1274211 0.1388266 0.1439572 0.5075169 0.5460798 0.1373492 0.1373492 0.1424952 0.1040941 0.4324145 0.4722566 0.4119539 0.3963004 0.4718608 0.4597785 0.4337065 0.0950902 0.1324283 0.3667184 0.1423843 0.4444516 0.3817889 0.3667184 0.4052124 0.0033860 0.5436548 0.4444516 0.1423843 0.1373492 0.4095744 0.1373492 0.4080308 0.3716821 0.1424952 0.5253222 0.1373492 0.1373867 0.1433293 0.2751133 0.1382185 0.1606063 0.1475073 0.1311005 0.1224942 0.2111096 0.1373867 0.1224942 0.1491738 0.1608127 
p12_A9           0.4017759 0.3940535 0.4017759 0.4925613 0.4096874 0.4017759 0.4096874 0.3939433 0.4175625 0.4015568 0.3272046 0.4281518 0.0000000 0.4175625 0.0668743 0.3940535 0.4096874 0.2228605 0.0434459 0.4258678 0.9440572 0.1753403 0.3940535 0.4136138 0.4216526 0.6175951 0.6612251 0.4095727 0.4095727 0.4177911 0.4601111 0.1513939 0.2258506 0.0068101 0.0137642 0.2616841 0.0559919 0.0598133 0.4379581 0.4019951 0.0675569 0.4174456 0.0507233 0.0843135 0.0675569 0.0322141 0.4200670 0.3000274 0.0507233 0.4174456 0.4095727 0.0806584 0.4095727 0.0720943 0.4989149 0.4177911 0.2870769 0.4095727 0.4096874 0.4203421 0.2249150 0.4123113 0.3950985 0.4255150 0.3675570 0.3862963 0.4954358 0.4096874 0.3862963 0.4298884 0.3285830 
p12_E2           0.0068101 0.0102696 0.0068101 0.0404062 0.0102676 0.0208556 0.0102676 0.0172901 0.0000010 0.0208456 0.2084444 0.1424232 0.4175625 0.0000000 0.3985493 0.0172943 0.0033876 0.5754209 0.3706067 0.0172943 0.6866539 0.4460625 0.0172943 0.0103586 0.0138834 0.3800797 0.4127519 0.0102652 0.0033860 0.0137642 0.2359749 0.3799266 0.4897344 0.4015568 0.3860864 0.5070732 0.4488097 0.4016692 0.2210482 0.0208648 0.3871416 0.0068072 0.4336729 0.4026212 0.3871416 0.3949016 0.1373492 0.5628282 0.4336729 0.0068072 0.0102652 0.3785155 0.0033860 0.4461322 0.2998771 0.0137642 0.5440394 0.0102652 0.0102676 0.0138236 0.1431247 0.0103140 0.1417992 0.0033860 0.0286521 0.0137642 0.0568148 0.0102676 0.0137642 0.0174482 0.0398236 
p12_H7           0.3831747 0.3756514 0.3831747 0.4714840 0.3908788 0.4144570 0.3908788 0.3605199 0.3985493 0.3678010 0.3289803 0.3778698 0.0668743 0.3985493 0.0000000 0.3756514 0.3908788 0.2848057 0.0431845 0.4066291 0.9941182 0.2066964 0.3756514 0.3946809 0.4025110 0.5931647 0.6356716 0.3907698 0.3907698 0.3987660 0.4910361 0.1307884 0.2388882 0.0588110 0.0509355 0.2630817 0.0890244 0.0930367 0.4680001 0.3833824 0.0590487 0.3984381 0.0919996 0.0671129 0.0590487 0.0630702 0.3703010 0.3016349 0.0919996 0.3984381 0.3907698 0.0801349 0.3907698 0.0885644 0.4438786 0.3987660 0.2886151 0.3907698 0.3908788 0.4012234 0.2231616 0.3934023 0.3768032 0.4062943 0.3498759 0.3680960 0.5095422 0.3908788 0.3680960 0.4105288 0.3119678 
p13_C7           0.0102721 0.0137702 0.0102721 0.0443388 0.0137675 0.0244686 0.0137675 0.0068131 0.0172943 0.0244567 0.2143389 0.1274211 0.3940535 0.0172943 0.3756514 0.0000000 0.0137675 0.5284442 0.3484425 0.0208699 0.6545607 0.4216719 0.0000010 0.0138895 0.0103631 0.3726610 0.4049965 0.0137642 0.0137642 0.0173019 0.2180263 0.3576497 0.4471586 0.3785155 0.3634822 0.4636521 0.4243382 0.3786215 0.2036770 0.0102765 0.3645208 0.0172901 0.4096929 0.3795658 0.3645208 0.3720625 0.1224942 0.5165259 0.4096929 0.0172901 0.0137642 0.3561210 0.0137642 0.4057606 0.3209319 0.0173019 0.4987119 0.0137642 0.0137675 0.0173774 0.1483470 0.0138297 0.1469782 0.0208556 0.0324200 0.0033899 0.0609598 0.0137675 0.0033899 0.0210566 0.0436938 
p13_D10          0.0033884 0.0068131 0.0033884 0.0365442 0.0068117 0.0172943 0.0068117 0.0137642 0.0033876 0.0172860 0.2027709 0.1373867 0.4096874 0.0033876 0.3908788 0.0137675 0.0000000 0.5659162 0.3631837 0.0137675 0.6759080 0.4378968 0.0137675 0.0068716 0.0103611 0.3725631 0.4048883 0.0068101 0.0068101 0.0102721 0.2299573 0.3724637 0.4811272 0.3938390 0.3785155 0.4982938 0.4406133 0.3939492 0.2152231 0.0173019 0.3795658 0.0102652 0.4256394 0.3948992 0.3795658 0.3872523 0.1323615 0.5534631 0.4256394 0.0102652 0.0068101 0.3710152 0.0068101 0.4379694 0.3068535 0.0102721 0.5348721 0.0068101 0.0068117 0.0103165 0.1380660 0.0068416 0.1367823 0.0068085 0.0249440 0.0102721 0.0527548 0.0068117 0.0102721 0.0138895 0.0360218 
p13_D5           0.5563522 0.5660783 0.5563522 0.6662034 0.5659162 0.5191480 0.5659162 0.5468948 0.5754209 0.5372389 0.2666414 0.5559262 0.2228605 0.5754209 0.2848057 0.5284442 0.5659162 0.0000000 0.2493708 0.5470524 1.0645775 0.2209550 0.5284442 0.5705771 0.5609763 0.5668599 0.6084521 0.5657521 0.5657521 0.5376967 0.5738525 0.2900439 0.0593125 0.2114319 0.2003305 0.1105274 0.2235674 0.1917907 0.5484392 0.5194416 0.2265064 0.5752534 0.1893455 0.2502694 0.2265064 0.2206962 0.5465029 0.1197111 0.1893455 0.5752534 0.5657521 0.2199891 0.5657521 0.2222073 0.6187939 0.5376967 0.1105800 0.5657521 0.5659162 0.5788870 0.3917830 0.5691811 0.5174934 0.5850286 0.5151268 0.5376967 0.6273032 0.5659162 0.5376967 0.5516405 0.4679977 
p13_F1           0.3557290 0.3484425 0.3557290 0.4408743 0.3631837 0.3859784 0.3631837 0.3483449 0.3706067 0.3555366 0.3037080 0.3806321 0.0434459 0.3706067 0.0431845 0.3484425 0.3631837 0.2493708 0.0000000 0.3784097 0.8292747 0.1752526 0.3484425 0.3668146 0.3743915 0.5514218 0.5920429 0.3630821 0.3630821 0.3708076 0.4053350 0.1220929 0.2054981 0.0358176 0.0283607 0.2284998 0.0475006 0.0591652 0.4003043 0.3559216 0.0359655 0.3705030 0.0591528 0.0514124 0.0359655 0.0321995 0.3730171 0.2650538 0.0591528 0.3705030 0.3630821 0.0473273 0.3630821 0.0804960 0.4470217 0.3708076 0.2651181 0.3630821 0.3631837 0.3731347 0.1762135 0.3655679 0.3353975 0.3780986 0.3053087 0.3411257 0.4776445 0.3631837 0.3411257 0.3821419 0.2868699 
p13_F3           0.0102721 0.0137702 0.0102721 0.0443388 0.0068131 0.0102721 0.0137675 0.0208648 0.0172943 0.0244567 0.2143389 0.1374186 0.4258678 0.0172943 0.4066291 0.0208699 0.0137675 0.5470524 0.3784097 0.0000000 0.6761127 0.4380151 0.0208699 0.0138895 0.0174525 0.3879859 0.4210386 0.0137642 0.0137642 0.0033899 0.2300136 0.3877789 0.4988503 0.4096874 0.3940535 0.4984320 0.4574695 0.4098021 0.2152750 0.0102765 0.3951141 0.0172901 0.4421544 0.4107562 0.3951141 0.4029557 0.1424952 0.5348721 0.4421544 0.0172901 0.0137642 0.3864044 0.0137642 0.4547559 0.3209319 0.0033899 0.5166734 0.0137642 0.0137675 0.0173774 0.1483470 0.0138297 0.1368140 0.0208556 0.0324200 0.0173019 0.0447435 0.0137675 0.0173019 0.0068746 0.0436938 
p13_F5           0.6650748 0.6761127 0.6650748 0.7887969 0.6543632 0.7091493 0.6759080 0.6543632 0.6866539 0.6646730 0.9403184 0.7260799 0.9440572 0.6866539 0.9941182 0.6545607 0.6759080 1.0645775 0.8292747 0.6761127 0.0000000 0.9991884 0.6545607 0.6809547 0.6919436 0.8648800 0.9191239 0.6757022 0.6757022 0.6870731 0.6949146 1.0759150 1.0160181 0.9164450 0.8900090 0.9306339 0.9587302 0.8900131 0.7100199 0.6654771 0.9727233 0.6864439 0.8635511 1.0008081 0.9727233 0.9041478 0.7374867 0.9866115 0.8635511 0.6864439 0.6757022 0.8771425 0.6757022 1.0502881 0.9723708 0.6870731 0.9869429 0.6757022 0.6759080 0.6905228 0.9121681 0.6795347 0.6960926 0.6975154 0.7151765 0.6439649 0.8414245 0.6759080 0.6439649 0.7032721 0.7535511 
p20_B10          0.4296876 0.4380151 0.4296876 0.5238201 0.4215587 0.4296876 0.4378968 0.4378920 0.4460625 0.4132874 0.3133787 0.4294752 0.1753403 0.4460625 0.2066964 0.4216719 0.4378968 0.2209550 0.1752526 0.4380151 0.9991884 0.0000000 0.4216719 0.4419871 0.4337347 0.5918151 0.6340206 0.4377738 0.4377738 0.4463088 0.4787406 0.2338009 0.2360503 0.1647471 0.1544403 0.2358624 0.1486340 0.1861034 0.4730382 0.4464298 0.1653952 0.4459370 0.1752997 0.1867259 0.1653952 0.1369805 0.4376882 0.2864981 0.1752997 0.4459370 0.4377738 0.2139909 0.4377738 0.1612315 0.5556770 0.4463088 0.2865693 0.4377738 0.4215587 0.4489846 0.3248246 0.4406571 0.3806828 0.4543067 0.3941261 0.4298033 0.5267234 0.4378968 0.4298033 0.4588625 0.3684821 
p21_F1           0.0102721 0.0137702 0.0102721 0.0443388 0.0137675 0.0244686 0.0137675 0.0068131 0.0172943 0.0244567 0.2143389 0.1274211 0.3940535 0.0172943 0.3756514 0.0000010 0.0137675 0.5284442 0.3484425 0.0208699 0.6545607 0.4216719 0.0000000 0.0138895 0.0103631 0.3726610 0.4049965 0.0137642 0.0137642 0.0173019 0.2180263 0.3576497 0.4471586 0.3785155 0.3634822 0.4636521 0.4243382 0.3786215 0.2036770 0.0102765 0.3645208 0.0172901 0.4096929 0.3795658 0.3645208 0.3720625 0.1224942 0.5165259 0.4096929 0.0172901 0.0137642 0.3561210 0.0137642 0.4057606 0.3209319 0.0173019 0.4987119 0.0137642 0.0137675 0.0173774 0.1483470 0.0138297 0.1469782 0.0208556 0.0324200 0.0033899 0.0609598 0.0137675 0.0033899 0.0210566 0.0436938 
p22_C1           0.0034177 0.0068730 0.0034177 0.0368867 0.0068716 0.0174482 0.0068716 0.0138862 0.0103586 0.0174398 0.2049095 0.1388266 0.4136138 0.0103586 0.3946809 0.0138895 0.0068716 0.5705771 0.3668146 0.0138895 0.6809547 0.4419871 0.0138895 0.0000000 0.0104532 0.3762590 0.4088045 0.0068700 0.0068700 0.0103631 0.2324034 0.3761327 0.4854349 0.3976688 0.3822489 0.5026769 0.4447196 0.3977802 0.2175011 0.0174560 0.3833035 0.0103561 0.4296573 0.3987325 0.3833035 0.3910388 0.1337466 0.5580744 0.4296573 0.0103561 0.0068700 0.3747001 0.0068700 0.4420580 0.3100557 0.0103631 0.5394109 0.0068700 0.0068716 0.0104079 0.1395178 0.0069024 0.1382117 0.0138800 0.0251726 0.0103631 0.0532629 0.0068716 0.0103631 0.0140137 0.0363546 
p23_A3           0.0068716 0.0103631 0.0068716 0.0407979 0.0103611 0.0210472 0.0103611 0.0174482 0.0138834 0.0210370 0.2106983 0.1439572 0.4216526 0.0138834 0.4025110 0.0103631 0.0103611 0.5609763 0.3743915 0.0174525 0.6919436 0.4337347 0.0103631 0.0104532 0.0000000 0.3686592 0.4008549 0.0103586 0.0103586 0.0138895 0.2385459 0.3837513 0.4767390 0.4055469 0.3899769 0.4938076 0.4530859 0.4056605 0.2234460 0.0210566 0.3910363 0.0138800 0.4378581 0.4066147 0.3910363 0.3988465 0.1388266 0.5486141 0.4378581 0.0138800 0.0103586 0.3823560 0.0103586 0.4338097 0.3170763 0.0138895 0.5301506 0.0103586 0.0103611 0.0139500 0.1446713 0.0104079 0.1433222 0.0174405 0.0289230 0.0138895 0.0573790 0.0103611 0.0138895 0.0176093 0.0402032 
p23_A5           0.3650133 0.3726610 0.3650133 0.4513169 0.3725631 0.3650133 0.3725631 0.3878774 0.3800797 0.3499450 0.4971788 0.5075169 0.6175951 0.3800797 0.5931647 0.3726610 0.3725631 0.5668599 0.5514218 0.3879859 0.8648800 0.5918151 0.3726610 0.3762590 0.3686592 0.0000000 0.0249727 0.3724589 0.3724589 0.3802862 0.5364796 0.5956099 0.5172863 0.5972227 0.5776533 0.5541526 0.6084907 0.5708999 0.5303351 0.3958665 0.6186397 0.3799734 0.6174149 0.6391005 0.6186397 0.5690169 0.4985806 0.6136158 0.5972244 0.3799734 0.3724589 0.5614276 0.3724589 0.6327537 0.5987556 0.3802862 0.6137971 0.3724589 0.3725631 0.3826617 0.4370319 0.3749990 0.4650440 0.3876665 0.3138672 0.3802862 0.4541277 0.3725631 0.3802862 0.3917812 0.3372864 
p23_B4           0.3969849 0.4049965 0.3969849 0.4874401 0.4048883 0.3969849 0.4048883 0.4209202 0.4127519 0.3811988 0.5353830 0.5460798 0.6612251 0.4127519 0.6356716 0.4049965 0.4048883 0.6084521 0.5920429 0.4210386 0.9191239 0.6340206 0.4049965 0.4088045 0.4008549 0.0249727 0.0000000 0.4047744 0.4047744 0.4129787 0.5763930 0.6382149 0.5565192 0.6399193 0.6194661 0.5951083 0.6516302 0.6124364 0.5699928 0.4292938 0.6622394 0.4126359 0.6610273 0.6836151 0.6622394 0.6103639 0.5367504 0.6573566 0.6399205 0.4126359 0.4047744 0.6025329 0.4047744 0.6769732 0.6413823 0.4129787 0.6575545 0.4047744 0.4048883 0.4155186 0.4723417 0.4075010 0.5017379 0.4206888 0.3431632 0.4129787 0.4903082 0.4048883 0.4129787 0.4250466 0.3678077 
p24_H2           0.0033876 0.0068115 0.0033876 0.0365350 0.0068101 0.0172901 0.0068101 0.0137609 0.0102652 0.0172818 0.2027153 0.1373492 0.4095727 0.0102652 0.3907698 0.0137642 0.0068101 0.5657521 0.3630821 0.0137642 0.6757022 0.4377738 0.0137642 0.0068700 0.0103586 0.3724589 0.4047744 0.0000000 0.0068085 0.0102696 0.2298935 0.3723602 0.4809910 0.3937289 0.3784097 0.4981523 0.4404894 0.3938390 0.2151638 0.0172977 0.3794597 0.0102628 0.4255201 0.3947888 0.3794597 0.3871441 0.1323254 0.5533033 0.4255201 0.0102628 0.0068085 0.3709114 0.0068085 0.4378464 0.3067674 0.0102696 0.5347186 0.0068085 0.0068101 0.0103140 0.1380282 0.0068400 0.1367451 0.0137549 0.0249379 0.0102696 0.0527412 0.0068101 0.0102696 0.0138862 0.0360129 
p25_A12          0.0033876 0.0068115 0.0033876 0.0365350 0.0068101 0.0172901 0.0068101 0.0137609 0.0033860 0.0172818 0.2027153 0.1373492 0.4095727 0.0033860 0.3907698 0.0137642 0.0068101 0.5657521 0.3630821 0.0137642 0.6757022 0.4377738 0.0137642 0.0068700 0.0103586 0.3724589 0.4047744 0.0068085 0.0000000 0.0102696 0.2298935 0.3723602 0.4809910 0.3937289 0.3784097 0.4981523 0.4404894 0.3938390 0.2151638 0.0172977 0.3794597 0.0033860 0.4255201 0.3947888 0.3794597 0.3871441 0.1323254 0.5533033 0.4255201 0.0033860 0.0068085 0.3709114 0.0000010 0.4378464 0.2930436 0.0102696 0.5347186 0.0068085 0.0068101 0.0103140 0.1380282 0.0068400 0.1367451 0.0068072 0.0249379 0.0102696 0.0527412 0.0068101 0.0102696 0.0138862 0.0360129 
p25_C11          0.0068131 0.0102741 0.0068131 0.0404248 0.0102721 0.0068131 0.0102721 0.0172977 0.0137642 0.0208548 0.2085514 0.1424952 0.4177911 0.0137642 0.3987660 0.0173019 0.0102721 0.5376967 0.3708076 0.0033899 0.6870731 0.4463088 0.0173019 0.0103631 0.0138895 0.3802862 0.4129787 0.0102696 0.0102696 0.0000000 0.2360982 0.3801317 0.4900087 0.4017759 0.3862963 0.5073588 0.4490579 0.4018883 0.2211625 0.0068160 0.3873521 0.0137609 0.4339114 0.4028407 0.3873521 0.3951165 0.1374186 0.5256493 0.4339114 0.0137609 0.0102696 0.3787212 0.0102696 0.4463786 0.3138989 0.0000010 0.5076446 0.0102696 0.0102721 0.0138297 0.1431973 0.0103185 0.1418708 0.0172901 0.0286651 0.0137702 0.0407928 0.0102721 0.0137702 0.0034192 0.0398418 
p26_C10          0.2239326 0.2300136 0.2239326 0.2910591 0.2179657 0.2483762 0.2299573 0.2179657 0.2359749 0.2119528 0.3929308 0.1040941 0.4601111 0.2359749 0.4910361 0.2180263 0.2299573 0.5738525 0.4053350 0.2300136 0.6949146 0.4787406 0.2180263 0.2324034 0.2385459 0.5364796 0.5763930 0.2298935 0.2298935 0.2360982 0.0000000 0.5236681 0.4883987 0.4432340 0.4601111 0.4879909 0.4870133 0.4269476 0.0283741 0.2240495 0.4119494 0.2359094 0.4432387 0.4279131 0.4280278 0.4527764 0.1086873 0.5613054 0.4432387 0.2359094 0.2298935 0.4030647 0.2298935 0.5080114 0.3807554 0.2360982 0.5614654 0.2298935 0.2299573 0.2375879 0.3622070 0.2314628 0.2187595 0.2420481 0.2072681 0.2121149 0.3211070 0.2299573 0.2121149 0.2448077 0.2593000 
p26_F6           0.3649702 0.3576497 0.3649702 0.4507663 0.3724637 0.3953940 0.3724637 0.3575503 0.3799266 0.3647739 0.2728898 0.4324145 0.1513939 0.3799266 0.1307884 0.3576497 0.3724637 0.2900439 0.1220929 0.3877789 1.0759150 0.2338009 0.3576497 0.3761327 0.3837513 0.5956099 0.6382149 0.3723602 0.3723602 0.3801317 0.5236681 0.0000000 0.2433449 0.1414194 0.1317086 0.2679825 0.1693622 0.1414568 0.4996382 0.3651667 0.1226155 0.3798210 0.1513597 0.1419471 0.1226155 0.1370674 0.4242795 0.2555151 0.1513597 0.3798210 0.3723602 0.1269401 0.3723602 0.1186322 0.4350805 0.3801317 0.2432860 0.3723602 0.3724637 0.3824904 0.1983023 0.3748817 0.3490269 0.3874616 0.3326169 0.3503000 0.4878554 0.3724637 0.3503000 0.3915489 0.2958044 
p27_C5           0.4724718 0.4640364 0.4724718 0.5718828 0.4811272 0.5076414 0.4811272 0.4639054 0.4897344 0.4551784 0.2206690 0.4722566 0.2258506 0.4897344 0.2388882 0.4471586 0.4811272 0.0593125 0.2054981 0.4988503 1.0160181 0.2360503 0.4471586 0.4854349 0.4767390 0.5172863 0.5565192 0.4809910 0.4809910 0.4900087 0.4883987 0.2433449 0.0000000 0.2142533 0.2029895 0.0586937 0.2266262 0.1943491 0.4653810 0.4727350 0.1839779 0.4895956 0.1918424 0.2062886 0.1839779 0.2236858 0.4636986 0.0832861 0.1918424 0.4895956 0.4809910 0.1779123 0.4809910 0.2252329 0.5473073 0.4900087 0.0749466 0.4809910 0.4811272 0.4928556 0.3227139 0.4840743 0.4371265 0.4984285 0.4350103 0.4555547 0.6143505 0.4811272 0.4555547 0.5032387 0.3922148 
p3_G11           0.3860864 0.3785155 0.3860864 0.4749309 0.3938390 0.3860864 0.3938390 0.3784097 0.4015568 0.3858766 0.3133053 0.4119539 0.0068101 0.4015568 0.0588110 0.3785155 0.3938390 0.2114319 0.0358176 0.4096874 0.9164450 0.1647471 0.3785155 0.3976688 0.4055469 0.5972227 0.6399193 0.3937289 0.3937289 0.4017759 0.4432340 0.1414194 0.2142533 0.0000000 0.0068101 0.2493783 0.0479974 0.0517655 0.4215824 0.3862963 0.0594056 0.4014445 0.0430185 0.0758260 0.0594056 0.0247880 0.4040327 0.2869297 0.0430185 0.4014445 0.3937289 0.0721804 0.3937289 0.0638079 0.4811774 0.4017759 0.2742474 0.3937289 0.3938390 0.4042531 0.2129471 0.3963837 0.3796514 0.4093491 0.3525655 0.3709114 0.4777797 0.3938390 0.3709114 0.4136138 0.3143864 
p4_A8            0.3709114 0.3634822 0.3709114 0.4579213 0.3785155 0.3709114 0.3785155 0.3633805 0.3860864 0.3707103 0.2998468 0.3963004 0.0137642 0.3860864 0.0509355 0.3634822 0.3785155 0.2003305 0.0283607 0.3940535 0.8900090 0.1544403 0.3634822 0.3822489 0.3899769 0.5776533 0.6194661 0.3784097 0.3784097 0.3862963 0.4601111 0.1317086 0.2029895 0.0068101 0.0000000 0.2374423 0.0401902 0.0439077 0.4379581 0.3711126 0.0514467 0.3859784 0.0354871 0.0675426 0.0514467 0.0175250 0.3885318 0.2742474 0.0354871 0.3859784 0.3784097 0.0639078 0.3784097 0.0557175 0.4641014 0.3862963 0.2618174 0.3784097 0.3785155 0.3887004 0.2013162 0.3809818 0.3647260 0.3937289 0.3380501 0.3560213 0.4607437 0.3785155 0.3560213 0.3978859 0.3006215 
p4_C5            0.4894640 0.4984320 0.4894640 0.5908975 0.4807265 0.5253513 0.4982938 0.4807265 0.5070732 0.4891903 0.1634622 0.4718608 0.2616841 0.5070732 0.2630817 0.4636521 0.4982938 0.1105274 0.2284998 0.4984320 0.9306339 0.2358624 0.4636521 0.5026769 0.4938076 0.5541526 0.5951083 0.4981523 0.4981523 0.5073588 0.4879909 0.2679825 0.0586937 0.2493783 0.2374423 0.0000000 0.2507025 0.2286165 0.4822136 0.4897380 0.2061835 0.5069290 0.2140948 0.2293528 0.2061835 0.2474312 0.4804970 0.0281405 0.2140948 0.5069290 0.4981523 0.2112093 0.4981523 0.2491451 0.5853831 0.5073588 0.0281462 0.4981523 0.4982938 0.5102663 0.3662127 0.5013079 0.4534173 0.5159427 0.4682255 0.4722129 0.6342066 0.4982938 0.4722129 0.5208433 0.4236622 
p4_D11           0.4323748 0.4243382 0.4323748 0.5269584 0.4406133 0.4323748 0.4406133 0.4242190 0.4488097 0.4321369 0.3299065 0.4597785 0.0559919 0.4488097 0.0890244 0.4243382 0.4406133 0.2235674 0.0475006 0.4574695 0.9587302 0.1486340 0.4243382 0.4447196 0.4530859 0.6084907 0.6516302 0.4404894 0.4404894 0.4490579 0.4870133 0.1693622 0.2266262 0.0479974 0.0401902 0.2507025 0.0000000 0.0559919 0.4812526 0.4326129 0.0643931 0.4486834 0.0559801 0.0812483 0.0643931 0.0210400 0.4513625 0.2889811 0.0559801 0.4486834 0.4404894 0.0767010 0.4404894 0.0774282 0.5152409 0.4490579 0.2890526 0.4404894 0.4406133 0.4517467 0.2197144 0.4433868 0.4252644 0.4570872 0.3761686 0.4162613 0.5298716 0.4406133 0.4162613 0.4616636 0.3560268 
p4_H3            0.3861943 0.3786215 0.3861943 0.4750655 0.3939492 0.3861943 0.3939492 0.3785155 0.4016692 0.3859845 0.3315794 0.4337065 0.0598133 0.4016692 0.0930367 0.3786215 0.3939492 0.1917907 0.0591652 0.4098021 0.8900131 0.1861034 0.3786215 0.3977802 0.4056605 0.5708999 0.6124364 0.3938390 0.3938390 0.4018883 0.4269476 0.1414568 0.1943491 0.0517655 0.0439077 0.2286165 0.0559919 0.0000000 0.4217001 0.3864044 0.0852604 0.4015568 0.0517677 0.1029220 0.0852604 0.0401894 0.4255439 0.2651900 0.0517677 0.4015568 0.3938390 0.0172977 0.3938390 0.0901444 0.4813136 0.4018883 0.2528404 0.3938390 0.3939492 0.4043664 0.1633472 0.3964948 0.3797567 0.4094637 0.3335381 0.3710152 0.4779150 0.3939492 0.3710152 0.4137297 0.3144744 
p5_A5            0.2093939 0.2152750 0.2093939 0.2740256 0.2036209 0.2330462 0.2152231 0.2036209 0.2210482 0.1978087 0.3728012 0.0950902 0.4379581 0.2210482 0.4680001 0.2036770 0.2152231 0.5484392 0.4003043 0.2152750 0.7100199 0.4730382 0.2036770 0.2175011 0.2234460 0.5303351 0.5699928 0.2151638 0.2151638 0.2211625 0.0283741 0.4996382 0.4653810 0.4215824 0.4379581 0.4822136 0.4812526 0.4217001 0.0000000 0.2095020 0.4068411 0.2209874 0.4544465 0.4226578 0.4227706 0.4473001 0.0995932 0.5550094 0.4544465 0.2209874 0.2151638 0.3980417 0.2151638 0.4844597 0.3759616 0.2211625 0.5364052 0.2151638 0.2152231 0.2225399 0.3430284 0.2166128 0.2043701 0.2269275 0.1934896 0.1979581 0.3031258 0.2152231 0.1979581 0.2295043 0.2434591 
p5_D5            0.0137702 0.0173053 0.0137702 0.0483054 0.0173019 0.0137702 0.0173019 0.0102741 0.0208648 0.0281013 0.2202351 0.1324283 0.4019951 0.0208648 0.3833824 0.0102765 0.0173019 0.5194416 0.3559216 0.0102765 0.6654771 0.4464298 0.0102765 0.0174560 0.0210566 0.3958665 0.4292938 0.0172977 0.0172977 0.0068160 0.2240495 0.3651667 0.4727350 0.3862963 0.3711126 0.4897380 0.4326129 0.3864044 0.2095020 0.0000000 0.3721576 0.0208598 0.4177965 0.3873521 0.3721576 0.3797744 0.1274505 0.5076446 0.4177965 0.0208598 0.0172977 0.3636793 0.0172977 0.4300020 0.3281168 0.0068160 0.4900123 0.0172977 0.0173019 0.0209660 0.1535834 0.0173808 0.1521720 0.0244627 0.0362217 0.0068160 0.0487453 0.0173019 0.0068160 0.0103677 0.0475955 
p5_F2            0.3719559 0.3645208 0.3719559 0.4590094 0.3795658 0.4028407 0.3795658 0.3644189 0.3871416 0.3717543 0.2781474 0.3667184 0.0675569 0.3871416 0.0590487 0.3645208 0.3795658 0.2265064 0.0359655 0.3951141 0.9727233 0.1653952 0.3645208 0.3833035 0.3910363 0.6186397 0.6622394 0.3794597 0.3794597 0.3873521 0.4119494 0.1226155 0.1839779 0.0594056 0.0514467 0.2061835 0.0643931 0.0852604 0.4068411 0.3721576 0.0000000 0.3870335 0.0843171 0.0137485 0.0068056 0.0477059 0.3592366 0.2414254 0.0843171 0.3870335 0.3794597 0.0724758 0.3794597 0.0548845 0.4157569 0.3873521 0.2414835 0.3794597 0.3795658 0.3897595 0.2137710 0.3820359 0.3365756 0.3947888 0.3390618 0.3570533 0.4965209 0.3795658 0.3570533 0.3989500 0.3015815 
p5_H11           0.0068085 0.0102672 0.0068085 0.0403960 0.0102652 0.0208506 0.0102652 0.0172860 0.0068072 0.0208406 0.2083873 0.1423843 0.4174456 0.0068072 0.3984381 0.0172901 0.0102652 0.5752534 0.3705030 0.0172901 0.6864439 0.4459370 0.0172901 0.0103561 0.0138800 0.3799734 0.4126359 0.0102628 0.0033860 0.0137609 0.2359094 0.3798210 0.4895956 0.4014445 0.3859784 0.5069290 0.4486834 0.4015568 0.2209874 0.0208598 0.3870335 0.0000000 0.4335512 0.4025087 0.3870335 0.3947912 0.1373117 0.5626652 0.4335512 0.0000010 0.0102628 0.3784097 0.0033860 0.4460068 0.2997929 0.0137609 0.5438829 0.0102628 0.0102652 0.0138203 0.1430855 0.0103115 0.1417606 0.0102608 0.0286450 0.0137609 0.0568002 0.0102652 0.0137609 0.0174440 0.0398137 
p6_B5            0.4175678 0.4096929 0.4175678 0.5102874 0.4256394 0.4175678 0.4256394 0.4095783 0.4336729 0.4173394 0.3133053 0.4444516 0.0507233 0.4336729 0.0919996 0.4096929 0.4256394 0.1893455 0.0591528 0.4421544 0.8635511 0.1752997 0.4096929 0.4296573 0.4378581 0.6174149 0.6610273 0.4255201 0.4255201 0.4339114 0.4432387 0.1513597 0.1918424 0.0430185 0.0354871 0.2140948 0.0559801 0.0517677 0.4544465 0.4177965 0.0843171 0.4335512 0.0000000 0.1017517 0.0843171 0.0475135 0.4362021 0.2374423 0.0068088 0.4335512 0.4255201 0.0721834 0.4255201 0.0979182 0.4987763 0.4339114 0.2374988 0.4255201 0.4256394 0.4365329 0.2370028 0.4283395 0.4106663 0.4417867 0.3826519 0.4017816 0.5131843 0.4256394 0.4017816 0.4462643 0.3428818 
p6_D10           0.3871416 0.3795658 0.3871416 0.4760194 0.3948992 0.4186347 0.3948992 0.3794597 0.4026212 0.3869314 0.3047497 0.3817889 0.0843135 0.4026212 0.0671129 0.3795658 0.3948992 0.2502694 0.0514124 0.4107562 1.0008081 0.1867259 0.3795658 0.3987325 0.4066147 0.6391005 0.6836151 0.3947888 0.3947888 0.4028407 0.4279131 0.1419471 0.2062886 0.0758260 0.0675426 0.2293528 0.0812483 0.1029220 0.4226578 0.3873521 0.0137485 0.4025087 0.1017517 0.0000000 0.0208373 0.0637003 0.3741664 0.2659967 0.1017517 0.4025087 0.3947888 0.0896157 0.3947888 0.0709775 0.4317588 0.4028407 0.2660613 0.3947888 0.3948992 0.4053208 0.2256537 0.3974472 0.3509253 0.4104173 0.3535920 0.3719559 0.5142631 0.3948992 0.3719559 0.4146854 0.3153657 
p6_E9            0.3719559 0.3645208 0.3719559 0.4590094 0.3795658 0.4028407 0.3795658 0.3644189 0.3871416 0.3717543 0.2781474 0.3667184 0.0675569 0.3871416 0.0590487 0.3645208 0.3795658 0.2265064 0.0359655 0.3951141 0.9727233 0.1653952 0.3645208 0.3833035 0.3910363 0.6186397 0.6622394 0.3794597 0.3794597 0.3873521 0.4280278 0.1226155 0.1839779 0.0594056 0.0514467 0.2061835 0.0643931 0.0852604 0.4227706 0.3721576 0.0068056 0.3870335 0.0843171 0.0208373 0.0000000 0.0477059 0.3592366 0.2414254 0.0843171 0.3870335 0.3794597 0.0724758 0.3794597 0.0548845 0.4157569 0.3873521 0.2414835 0.3794597 0.3795658 0.3897595 0.2137710 0.3820359 0.3365756 0.3947888 0.3390618 0.3570533 0.4965209 0.3795658 0.3570533 0.3989500 0.3015815 
p6_F1            0.3795683 0.3720625 0.3795683 0.4675402 0.3872523 0.3795683 0.3872523 0.3719585 0.3949016 0.3793624 0.3255307 0.4052124 0.0322141 0.3949016 0.0630702 0.3720625 0.3872523 0.2206962 0.0321995 0.4029557 0.9041478 0.1369805 0.3720625 0.3910388 0.3988465 0.5690169 0.6103639 0.3871441 0.3871441 0.3951165 0.4527764 0.1370674 0.2236858 0.0247880 0.0175250 0.2474312 0.0210400 0.0401894 0.4473001 0.3797744 0.0477059 0.3947912 0.0475135 0.0637003 0.0477059 0.0000000 0.3973631 0.2851961 0.0475135 0.3947912 0.3871441 0.0600578 0.3871441 0.0599816 0.4737461 0.3951165 0.2852660 0.3871441 0.3872523 0.3975609 0.1962759 0.3897620 0.3732417 0.4026235 0.3463443 0.3645235 0.4703745 0.3872523 0.3645235 0.4068391 0.3084887 
p6_G2            0.1273863 0.1323922 0.1273863 0.1804763 0.1323615 0.1475821 0.1323615 0.1127626 0.1373492 0.1079351 0.2651913 0.0033860 0.4200670 0.1373492 0.3703010 0.1224942 0.1323615 0.5465029 0.3730171 0.1424952 0.7374867 0.4376882 0.1224942 0.1337466 0.1388266 0.4985806 0.5367504 0.1323254 0.1323254 0.1374186 0.1086873 0.4242795 0.4636986 0.4040327 0.3885318 0.4804970 0.4513625 0.4255439 0.0995932 0.1274505 0.3592366 0.1373117 0.4362021 0.3741664 0.3592366 0.3973631 0.0000000 0.5343644 0.4362021 0.1373117 0.1323254 0.4016474 0.1323254 0.4001384 0.3641299 0.1374186 0.5162238 0.1323254 0.1323615 0.1382185 0.2685802 0.1331585 0.1659784 0.1423843 0.1261749 0.1176168 0.2051955 0.1323615 0.1176168 0.1439910 0.1554857 
p6_G3            0.5440394 0.5536206 0.5440394 0.6522463 0.5534631 0.5440394 0.5534631 0.5347186 0.5628282 0.5437289 0.1970856 0.5436548 0.3000274 0.5628282 0.3016349 0.5165259 0.5534631 0.1197111 0.2650538 0.5348721 0.9866115 0.2864981 0.5165259 0.5580744 0.5486141 0.6136158 0.6573566 0.5533033 0.5533033 0.5256493 0.5613054 0.2555151 0.0832861 0.2869297 0.2742474 0.0281405 0.2889811 0.2651900 0.5550094 0.5076446 0.2414254 0.5626652 0.2374423 0.2659967 0.2414254 0.2851961 0.5343644 0.0000000 0.2374423 0.5626652 0.5533033 0.2467220 0.5533033 0.2871818 0.6467700 0.5256493 0.0068234 0.5533033 0.5534631 0.5662444 0.4127661 0.5566828 0.5238494 0.5722930 0.5214555 0.5256493 0.6552518 0.5534631 0.5256493 0.5394109 0.4739225 
p7_F2            0.4175678 0.4096929 0.4175678 0.5102874 0.4256394 0.4175678 0.4256394 0.4095783 0.4336729 0.4173394 0.3133053 0.4444516 0.0507233 0.4336729 0.0919996 0.4096929 0.4256394 0.1893455 0.0591528 0.4421544 0.8635511 0.1752997 0.4096929 0.4296573 0.4378581 0.5972244 0.6399205 0.4255201 0.4255201 0.4339114 0.4432387 0.1513597 0.1918424 0.0430185 0.0354871 0.2140948 0.0559801 0.0517677 0.4544465 0.4177965 0.0843171 0.4335512 0.0068088 0.1017517 0.0843171 0.0475135 0.4362021 0.2374423 0.0000000 0.4335512 0.4255201 0.0721834 0.4255201 0.0979182 0.4987763 0.4339114 0.2374988 0.4255201 0.4256394 0.4365329 0.2370028 0.4283395 0.4106663 0.4417867 0.3826519 0.4017816 0.5131843 0.4256394 0.4017816 0.4462643 0.3428818 
p7_G11           0.0068085 0.0102672 0.0068085 0.0403960 0.0102652 0.0208506 0.0102652 0.0172860 0.0068072 0.0208406 0.2083873 0.1423843 0.4174456 0.0068072 0.3984381 0.0172901 0.0102652 0.5752534 0.3705030 0.0172901 0.6864439 0.4459370 0.0172901 0.0103561 0.0138800 0.3799734 0.4126359 0.0102628 0.0033860 0.0137609 0.2359094 0.3798210 0.4895956 0.4014445 0.3859784 0.5069290 0.4486834 0.4015568 0.2209874 0.0208598 0.3870335 0.0000010 0.4335512 0.4025087 0.3870335 0.3947912 0.1373117 0.5626652 0.4335512 0.0000000 0.0102628 0.3784097 0.0033860 0.4460068 0.2997929 0.0137609 0.5438829 0.0102628 0.0102652 0.0138203 0.1430855 0.0103115 0.1417606 0.0102608 0.0286450 0.0137609 0.0568002 0.0102652 0.0137609 0.0174440 0.0398137 
p8_C7            0.0033876 0.0068115 0.0033876 0.0365350 0.0068101 0.0172901 0.0068101 0.0137609 0.0102652 0.0172818 0.2027153 0.1373492 0.4095727 0.0102652 0.3907698 0.0137642 0.0068101 0.5657521 0.3630821 0.0137642 0.6757022 0.4377738 0.0137642 0.0068700 0.0103586 0.3724589 0.4047744 0.0068085 0.0068085 0.0102696 0.2298935 0.3723602 0.4809910 0.3937289 0.3784097 0.4981523 0.4404894 0.3938390 0.2151638 0.0172977 0.3794597 0.0102628 0.4255201 0.3947888 0.3794597 0.3871441 0.1323254 0.5533033 0.4255201 0.0102628 0.0000000 0.3709114 0.0068085 0.4378464 0.3067674 0.0102696 0.5347186 0.0000010 0.0068101 0.0103140 0.1380282 0.0068400 0.1367451 0.0137549 0.0249379 0.0102696 0.0527412 0.0068101 0.0102696 0.0138862 0.0360129 
p8_D11           0.3634822 0.3561210 0.3634822 0.4496051 0.3710152 0.3940535 0.3710152 0.3560213 0.3785155 0.3632854 0.3107791 0.4095744 0.0806584 0.3785155 0.0801349 0.3561210 0.3710152 0.2199891 0.0473273 0.3864044 0.8771425 0.2139909 0.3561210 0.3747001 0.3823560 0.5614276 0.6025329 0.3709114 0.3709114 0.3787212 0.4030647 0.1269401 0.1779123 0.0721804 0.0639078 0.2112093 0.0767010 0.0172977 0.3980417 0.3636793 0.0724758 0.3784097 0.0721834 0.0896157 0.0724758 0.0600578 0.4016474 0.2467220 0.0721834 0.3784097 0.3709114 0.0000000 0.3709114 0.1127669 0.4391171 0.3787212 0.2347293 0.3709114 0.3710152 0.3810886 0.1476960 0.3734423 0.3428508 0.3860864 0.3124757 0.3487287 0.4867665 0.3710152 0.3487287 0.3901894 0.2938737 
p8_E4            0.0033876 0.0068115 0.0033876 0.0365350 0.0068101 0.0172901 0.0068101 0.0137609 0.0033860 0.0172818 0.2027153 0.1373492 0.4095727 0.0033860 0.3907698 0.0137642 0.0068101 0.5657521 0.3630821 0.0137642 0.6757022 0.4377738 0.0137642 0.0068700 0.0103586 0.3724589 0.4047744 0.0068085 0.0000010 0.0102696 0.2298935 0.3723602 0.4809910 0.3937289 0.3784097 0.4981523 0.4404894 0.3938390 0.2151638 0.0172977 0.3794597 0.0033860 0.4255201 0.3947888 0.3794597 0.3871441 0.1323254 0.5533033 0.4255201 0.0033860 0.0068085 0.3709114 0.0000000 0.4378464 0.2930436 0.0102696 0.5347186 0.0068085 0.0068101 0.0103140 0.1380282 0.0068400 0.1367451 0.0068072 0.0249379 0.0102696 0.0527412 0.0068101 0.0102696 0.0138862 0.0360129 
p8_G10           0.4297657 0.4217634 0.4297657 0.5239879 0.4379694 0.4297657 0.4379694 0.4216452 0.4461322 0.4295297 0.3278382 0.4080308 0.0720943 0.4461322 0.0885644 0.4057606 0.4379694 0.2222073 0.0804960 0.4547559 1.0502881 0.1612315 0.4057606 0.4420580 0.4338097 0.6327537 0.6769732 0.4378464 0.4378464 0.4463786 0.5080114 0.1186322 0.2252329 0.0638079 0.0557175 0.2491451 0.0774282 0.0901444 0.4844597 0.4300020 0.0548845 0.4460068 0.0979182 0.0709775 0.0548845 0.0599816 0.4001384 0.2871818 0.0979182 0.4460068 0.4378464 0.1127669 0.4378464 0.0000000 0.4769233 0.4463786 0.2743419 0.4378464 0.4379694 0.4490541 0.2584073 0.4407285 0.3911455 0.4543764 0.3942624 0.4137220 0.5268983 0.4379694 0.4137220 0.4589334 0.3537857 
